0 9.11743 0 0 18.8822 6.64364 0 0 0 0 0 0 9.21897 0 0 0 0 0 0 0 0 0 0 9.11743 0 0 0 0 0 0 0 0 0 0 9.71251 0 0 0 0 0 0 0 0 0 0 0 0 0 0 
9.11743 0 0 6.52401 6.52401 18.6567 0 0 0 0 0 0 3.26209 0 0 0 0 0 0 0 0 0 0 6.2751 0 0 0 0 0 0 0 0 0 0 9.17095 0 0 0 0 0 0 0 0 0 19.3349 9.82704 0 0 0 
0 0 18.4502 9.14411 19.4401 9.84252 18.5736 9.71251 19.5618 9.01226 0 0 18.9251 0 0 0 0 9.60061 0 0 0 0 0 9.13743 0 9.35699 0 0 0 0 0 0 0 0 9.13075 0 0 0 0 0 0 0 0 0 9.45609 0 0 0 18.0897 
0 6.52401 9.14411 18.7126 9.27988 9.25241 18.423 9.71251 6.72948 0 0 0 6.72405 0 0 0 0 0 18.3284 0 0 0 0 18.6012 0 0 0 0 0 0 0 0 0 0 18.797 0 0 0 0 0 0 0 0 0 18.797 0 0 0 0 
18.8822 6.52401 19.4401 9.27988 18.8964 9.11145 18.3959 9.22577 18.3016 0 0 0 0 0 0 0 0 0 0 0 18.7266 0 0 287.356 0 0 0 0 0 0 0 0 0 0 0 0 0 0 0 0 0 0 0 0 0 0 0 0 0 
6.64364 18.6567 9.84252 9.25241 9.11145 19.0259 6.41519 0 0 0 0 0 0 0 0 0 0 0 0 0 9.31446 inf 0 0 0 0 0 0 0 0 0 0 0 0 0 0 0 0 0 0 0 0 0 0 0 0 0 0 0 
0 0 18.5736 18.423 18.3959 6.41519 18.4366 18.3959 0 0 0 0 0 0 0 0 0 0 0 18.3016 6.61026 18.4775 0 0 0 0 0 0 0 0 0 0 0 0 0 0 18.8395 0 0 0 0 0 0 0 0 0 0 0 0 
0 0 9.71251 9.71251 9.22577 0 18.3959 116.654 18.3016 0 0 0 0 0 0 0 0 0 0 9.01226 18.0897 0 0 9.71251 0 0 0 0 0 0 0 0 0 0 75.2657 0 0 0 0 0 0 0 0 0 0 0 0 0 0 
0 0 19.5618 6.72948 18.3016 0 0 18.3016 18.7406 0 0 0 0 0 0 0 0 18.4366 9.39214 0 0 0 0 21.645 inf 0 0 0 0 0 0 0 0 0 0 0 0 0 0 121.933 0 0 0 0 0 0 0 0 0 
0 0 9.01226 0 0 0 0 0 0 18.6012 19.1278 0 0 0 0 0 0 9.12409 0 0 0 0 0 17.9986 0 9.39214 0 0 0 0 0 0 17.9986 0 53.3408 0 0 0 0 0 0 0 0 0 0 0 0 0 0 
0 0 0 0 0 0 0 0 0 19.1278 0 19.2012 0 0 0 0 6.54965 0 0 0 0 0 0 0 0 0 9.10481 0 0 0 0 0 0 0 9.33602 0 0 0 0 0 0 0 0 0 0 0 0 0 9.25995 
0 0 0 0 0 0 0 0 0 0 19.2012 19.685 0 18.2083 19.0694 9.30129 0 0 0 0 0 0 0 0 0 0 0 9.52744 0 0 0 0 0 0 19.5618 0 0 0 0 0 0 0 0 0 18.2083 0 0 9.1181 89.8192 
9.21897 3.26209 18.9251 6.72405 0 0 0 0 0 0 0 0 18.8395 0 0 0 0 0 0 0 0 0 0 7.12048 0 0 0 0 0 0 0 0 0 0 18.7829 0 0 0 0 0 0 0 0 0 0 0 0 0 0 
0 0 0 0 0 0 0 0 0 0 0 18.2083 0 24.9418 9.03179 0 0 0 0 0 0 0 0 0 0 0 0 0 18.0636 9.64581 0 0 0 0 0 0 0 0 0 0 0 0 0 0 0 18.0115 9.24556 18.8679 0 
0 0 0 0 0 0 0 0 0 0 0 19.0694 0 9.03179 18.8253 18.0897 0 0 0 0 0 0 0 0 0 0 0 18.3554 9.37805 9.31515 0 0 0 0 0 0 0 0 0 0 0 0 0 0 0 0 10.6112 0 0 
0 0 0 0 0 0 0 0 0 0 0 9.30129 0 0 18.0897 18.4502 18.4638 0 0 0 0 0 0 0 0 0 0 9.01941 18.7126 0 0 0 0 0 0 0 0 0 0 0 0 0 0 0 0 0 0 19.1571 0 
0 0 0 0 0 0 0 0 0 0 6.54965 0 0 0 0 18.4638 146.122 44.5633 0 0 0 0 0 0 0 0 6.23131 0 0 0 0 19.2012 0 0 0 0 0 0 0 0 0 147.745 0 0 0 0 0 0 9.79624 
0 0 9.60061 0 0 0 0 0 18.4366 9.12409 0 0 0 0 0 0 44.5633 124.177 18.4366 0 0 0 0 9.24625 18.8679 9.47688 18.0636 0 0 0 0 0 18.6706 0 0 0 0 0 0 18.2482 135.593 0 0 0 0 0 0 0 0 
0 0 0 18.3284 0 0 0 0 9.39214 0 0 0 0 0 0 0 0 18.4366 119.183 0 0 0 0 0 9.12475 18.5874 0 0 0 0 0 0 0 19.1131 0 0 0 0 0 18.2482 0 0 0 0 0 0 0 0 0 
0 0 0 0 0 0 18.3016 9.01226 0 0 0 0 0 0 0 0 0 0 0 128.937 18.0897 18.8964 9.12409 0 0 0 0 0 0 0 0 0 0 0 0 18.3284 0 0 145.883 0 0 0 0 0 0 0 0 0 0 
0 0 0 0 18.7266 9.31446 6.61026 18.0897 0 0 0 0 0 0 0 0 0 0 0 18.0897 18.7126 6.37513 0 0 0 0 0 0 0 0 0 0 0 0 0 0 19.1131 9.43467 0 0 0 0 0 0 0 0 0 0 0 
0 0 0 0 0 inf 18.4775 0 0 0 0 0 0 0 0 0 0 0 0 18.8964 6.37513 0 18.8964 0 0 0 0 0 0 0 0 0 0 0 0 18.2083 6.52231 9.44109 0 0 0 0 0 0 0 0 0 0 0 
0 0 0 0 0 0 0 0 0 0 0 0 0 0 0 0 0 0 0 9.12409 0 18.8964 0 0 0 0 0 0 0 0 0 0 0 0 0 9.2115 18.5736 0 134.713 0 0 0 0 0 0 0 0 0 0 
9.11743 6.2751 9.13743 18.6012 287.356 0 0 9.71251 21.645 17.9986 0 0 7.12048 0 0 0 0 9.24625 0 0 0 0 0 6.78452 0 9.12475 0 0 0 0 0 0 0 0 6.672 0 0 0 0 0 9.85028 0 0 0 9.0652 9.55 0 0 0 
0 0 0 0 0 0 0 0 inf 0 0 0 0 0 0 0 0 18.8679 9.12475 0 0 0 0 0 1977.13 18.5874 0 0 0 0 0 0 18.3419 18.0245 0 0 0 0 0 18.2482 0 0 0 0 0 0 0 0 0 
0 0 9.35699 0 0 0 0 0 0 9.39214 0 0 0 0 0 0 0 9.47688 18.5874 0 0 0 0 9.12475 18.5874 19.1424 18.0636 0 0 0 0 18.0766 9.17162 18.9681 0 0 0 0 0 18.2482 135.593 0 0 0 0 0 0 0 0 
0 0 0 0 0 0 0 0 0 0 9.10481 0 0 0 0 0 6.23131 18.0636 0 0 0 0 0 0 0 18.0636 0 25.9067 0 0 0 6.8362 19.2012 0 9.86582 0 0 0 0 0 0 9.25926 0 0 0 0 0 0 9.86582 
0 0 0 0 0 0 0 0 0 0 0 9.52744 0 0 18.3554 9.01941 0 0 0 0 0 0 0 0 0 0 25.9067 0 18.3554 18.8111 9.63094 0 0 0 0 0 0 0 0 0 0 0 inf 0 0 0 0 146.085 0 
0 0 0 0 0 0 0 0 0 0 0 0 0 18.0636 9.37805 18.7126 0 0 0 0 0 0 0 0 0 0 0 18.3554 0 9.08496 0 0 0 0 0 0 0 0 0 0 0 0 0 19.4099 0 inf 18.9681 0 0 
0 0 0 0 0 0 0 0 0 0 0 0 0 9.64581 9.31515 0 0 0 0 0 0 0 0 0 0 0 0 18.8111 9.08496 0 18.546 0 0 0 0 0 0 0 0 0 0 0 251.955 9.03244 0 0 9.07178 0 0 
0 0 0 0 0 0 0 0 0 0 0 0 0 0 0 0 0 0 0 0 0 0 0 0 0 0 0 9.63094 0 18.546 0 18.1686 0 0 0 0 0 0 0 0 0 0 9.01876 18.7547 0 0 0 0 0 
0 0 0 0 0 0 0 0 0 0 0 0 0 0 0 0 19.2012 0 0 0 0 0 0 0 0 18.0766 6.8362 0 0 0 18.1686 0 18.0766 0 0 0 0 0 0 0 0 9.01226 18.615 0 0 0 0 0 0 
0 0 0 0 0 0 0 0 0 17.9986 0 0 0 0 0 0 0 18.6706 0 0 0 0 0 0 18.3419 9.17162 19.2012 0 0 0 0 18.0766 0 18.3419 0 0 0 0 0 18.0505 9.21897 18.0245 0 0 0 0 0 0 0 
0 0 0 0 0 0 0 0 0 0 0 0 0 0 0 0 0 0 19.1131 0 0 0 0 0 18.0245 18.9681 0 0 0 0 0 0 18.3419 0 0 0 0 0 18.315 9.62353 19.5465 0 0 0 0 0 0 0 0 
9.71251 9.17095 9.13075 18.797 0 0 0 75.2657 0 53.3408 9.33602 19.5618 18.7829 0 0 0 0 0 0 0 0 0 0 6.672 0 0 9.86582 0 0 0 0 0 0 0 19.6078 0 0 0 0 0 0 0 0 0 6.58774 7.13878 0 18.6289 9.19185 
0 0 0 0 0 0 0 0 0 0 0 0 0 0 0 0 0 0 0 18.3284 0 18.2083 9.2115 0 0 0 0 0 0 0 0 0 0 0 0 0 18.2083 19.3498 9.65251 19.5618 0 0 0 0 0 0 0 0 0 
0 0 0 0 0 0 18.8395 0 0 0 0 0 0 0 0 0 0 0 0 0 19.1131 6.52231 18.5736 0 0 0 0 0 0 0 0 0 0 0 0 18.2083 0 9.01876 0 0 0 0 0 0 0 0 0 0 0 
0 0 0 0 0 0 0 0 0 0 0 0 0 0 0 0 0 0 0 0 9.43467 9.44109 0 0 0 0 0 0 0 0 0 0 0 0 0 19.3498 9.01876 0 18.0375 0 0 0 0 0 0 0 0 0 0 
0 0 0 0 0 0 0 0 0 0 0 0 0 0 0 0 0 0 0 145.883 0 0 134.713 0 0 0 0 0 0 0 0 0 0 18.315 0 9.65251 0 18.0375 0 18.315 0 0 0 0 0 0 0 0 0 
0 0 0 0 0 0 0 0 121.933 0 0 0 0 0 0 0 0 18.2482 18.2482 0 0 0 0 0 18.2482 18.2482 0 0 0 0 0 0 18.0505 9.62353 0 19.5618 0 0 18.315 0 18.0375 0 0 0 0 0 0 0 0 
0 0 0 0 0 0 0 0 0 0 0 0 0 0 0 0 0 135.593 0 0 0 0 0 9.85028 0 135.593 0 0 0 0 0 0 9.21897 19.5465 0 0 0 0 0 18.0375 0 19.6541 0 0 0 0 0 0 0 
0 0 0 0 0 0 0 0 0 0 0 0 0 0 0 0 147.745 0 0 0 0 0 0 0 0 0 9.25926 0 0 0 0 9.01226 18.0245 0 0 0 0 0 0 0 19.6541 0 18.0766 0 0 0 0 0 0 
0 0 0 0 0 0 0 0 0 0 0 0 0 0 0 0 0 0 0 0 0 0 0 0 0 0 0 inf 0 251.955 9.01876 18.615 0 0 0 0 0 0 0 0 0 18.0766 0 18.7547 0 0 0 0 0 
0 0 0 0 0 0 0 0 0 0 0 0 0 0 0 0 0 0 0 0 0 0 0 0 0 0 0 0 19.4099 9.03244 18.7547 0 0 0 0 0 0 0 0 0 0 0 18.7547 0 0 0 0 0 0 
0 19.3349 9.45609 18.797 0 0 0 0 0 0 0 18.2083 0 0 0 0 0 0 0 0 0 0 0 9.0652 0 0 0 0 0 0 0 0 0 0 6.58774 0 0 0 0 0 0 0 0 0 18.5874 6.54596 18.797 9.19794 0 
0 9.82704 0 0 0 0 0 0 0 0 0 0 0 18.0115 0 0 0 0 0 0 0 0 0 9.55 0 0 0 0 inf 0 0 0 0 0 7.13878 0 0 0 0 0 0 0 0 0 6.54596 6.54596 9.03898 9.19794 0 
0 0 0 0 0 0 0 0 0 0 0 0 0 9.24556 10.6112 0 0 0 0 0 0 0 0 0 0 0 0 0 18.9681 9.07178 0 0 0 0 0 0 0 0 0 0 0 0 0 0 18.797 9.03898 0 18.3419 0 
0 0 0 0 0 0 0 0 0 0 0 9.1181 0 18.8679 0 19.1571 0 0 0 0 0 0 0 0 0 0 0 146.085 0 0 0 0 0 0 18.6289 0 0 0 0 0 0 0 0 0 9.19794 9.19794 18.3419 128.988 18.0897 
0 0 18.0897 0 0 0 0 0 0 0 9.25995 89.8192 0 0 0 0 9.79624 0 0 0 0 0 0 0 0 0 9.86582 0 0 0 0 0 0 0 9.19185 0 0 0 0 0 0 0 0 0 0 0 0 18.0897 19.3648 
0 2.53262 0 0 18.8822 6.64364 0 0 0 0 0 0 2.56082 0 0 0 0 0 0 0 0 0 0 2.53262 0 0 0 0 0 0 0 0 0 0 2.69792 0 0 0 0 0 0 0 0 0 0 0 0 0 0 
2.53262 0 0 6.52401 6.52401 18.6567 0 0 0 0 0 0 0.906136 0 0 0 0 0 0 0 0 0 0 2.51446 0 0 0 0 0 0 0 0 0 0 2.54749 0 0 0 0 0 0 0 0 0 19.5312 2.72973 0 0 0 
0 0 18.4502 2.54022 19.4401 2.73403 18.5736 2.69792 19.5618 2.5034 0 0 18.9251 0 0 0 0 2.66684 0 0 0 0 0 2.53817 0 2.59916 0 0 0 0 0 0 0 0 2.53632 0 0 0 0 0 0 0 0 0 2.62669 2.62669 0 0 18.0897 
0 6.52401 2.54022 18.7126 2.57774 2.57011 18.423 2.69792 2.5034 0 0 0 6.72405 0 0 0 0 0 18.3284 0 0 0 0 2.68332 0 0 0 0 0 0 0 0 0 0 16.1199 0 0 0 0 0 0 0 0 0 inf 0 0 0 0 
18.8822 6.52401 19.4401 2.57774 18.8964 2.53096 18.3959 2.56271 18.3016 0 0 0 0 0 0 0 0 0 0 0 18.7266 0 0 287.356 0 0 0 0 0 0 0 0 0 0 0 0 0 0 0 0 0 0 0 0 0 0 0 0 0 
6.64364 18.6567 2.73403 2.57011 2.53096 19.0259 2.51065 0 0 0 0 0 0 0 0 0 0 0 0 0 2.58754 inf 0 0 0 0 0 0 0 0 0 0 0 0 0 0 0 0 0 0 0 0 0 0 0 0 0 0 0 
0 0 18.5736 18.423 18.3959 2.51065 18.4366 18.3959 0 0 0 0 0 0 0 0 0 0 0 18.3016 2.51246 18.4775 0 0 0 0 0 0 0 0 0 0 0 0 0 0 18.8395 0 0 0 0 0 0 0 0 0 0 0 0 
0 0 2.69792 2.69792 2.56271 0 18.3959 116.654 18.3016 0 0 0 0 0 0 0 0 0 0 2.5034 18.0897 0 0 2.69792 0 0 0 0 0 0 0 0 0 0 20.9071 0 0 0 0 0 0 0 0 0 0 0 0 0 0 
0 0 19.5618 2.5034 18.3016 0 0 18.3016 18.7406 0 0 0 0 0 0 0 0 18.4366 2.60893 0 0 0 0 21.645 inf 0 0 0 0 0 0 0 0 0 0 0 0 0 0 33.8703 0 0 0 0 0 0 0 0 0 
0 0 2.5034 0 0 0 0 0 0 18.6012 19.1278 0 0 0 0 0 0 2.53447 0 0 0 0 0 17.9986 0 2.60893 0 0 0 0 0 0 17.9986 0 53.3408 0 0 0 0 0 0 0 0 0 0 0 0 0 0 
0 0 0 0 0 0 0 0 0 19.1278 0 19.2012 0 0 0 0 2.50883 0 0 0 0 0 0 0 0 0 2.52893 0 0 0 0 0 0 0 2.59334 0 0 0 0 0 0 0 0 0 0 0 0 0 2.57221 
0 0 0 0 0 0 0 0 0 0 19.2012 19.685 0 18.2083 19.0694 2.58369 0 0 0 0 0 0 0 0 0 0 0 2.64651 0 0 0 0 0 0 19.5618 0 0 0 0 0 0 0 0 0 4.3069 19.216 0 2.5328 89.8192 
2.56082 0.906136 18.9251 6.72405 0 0 0 0 0 0 0 0 18.8395 0 0 0 0 0 0 0 0 0 0 2.55123 0 0 0 0 0 0 0 0 0 0 18.2882 0 0 0 0 0 0 0 0 0 0 0 0 0 0 
0 0 0 0 0 0 0 0 0 0 0 18.2083 0 24.9418 2.50883 0 0 0 0 0 0 0 0 0 0 0 0 0 18.0636 2.67939 0 0 0 0 0 0 0 0 0 0 0 0 0 0 0 18.0115 2.5684 18.8679 0 
0 0 0 0 0 0 0 0 0 0 0 19.0694 0 2.50883 18.8253 18.0897 0 0 0 0 0 0 0 0 0 0 0 18.3554 2.60482 2.58754 0 0 0 0 0 0 0 0 0 0 0 0 0 0 0 0 2.94756 0 0 
0 0 0 0 0 0 0 0 0 0 0 2.58369 0 0 18.0897 18.4502 18.4638 0 0 0 0 0 0 0 0 0 0 2.50539 18.7126 0 0 0 0 0 0 0 0 0 0 0 0 0 0 0 0 0 0 19.1571 0 
0 0 0 0 0 0 0 0 0 0 2.50883 0 0 0 0 18.4638 146.122 44.5633 0 0 0 0 0 0 0 0 2.50901 0 0 0 0 19.2012 0 0 0 0 0 0 0 0 0 41.0403 0 0 0 0 0 0 18.0636 
0 0 2.66684 0 0 0 0 0 18.4366 2.53447 0 0 0 0 0 0 44.5633 124.177 18.4366 0 0 0 0 2.5684 18.8679 2.63247 18.0636 0 0 0 0 0 18.6706 0 0 0 0 0 0 18.2482 37.6646 0 0 0 0 0 0 0 0 
0 0 0 18.3284 0 0 0 0 2.60893 0 0 0 0 0 0 0 0 18.4366 119.183 0 0 0 0 0 2.53465 18.5874 0 0 0 0 0 0 0 19.1131 0 0 0 0 0 18.2482 0 0 0 0 0 0 0 0 0 
0 0 0 0 0 0 18.3016 2.5034 0 0 0 0 0 0 0 0 0 0 0 128.937 18.0897 18.8964 2.53447 0 0 0 0 0 0 0 0 0 0 0 0 18.3284 0 0 40.523 0 0 0 0 0 0 0 0 0 0 
0 0 0 0 18.7266 2.58754 2.51246 18.0897 0 0 0 0 0 0 0 0 0 0 0 18.0897 18.7126 2.5016 0 0 0 0 0 0 0 0 0 0 0 0 0 0 19.1131 2.62074 0 0 0 0 0 0 0 0 0 0 0 
0 0 0 0 0 inf 18.4775 0 0 0 0 0 0 0 0 0 0 0 0 18.8964 2.5016 0 18.8964 0 0 0 0 0 0 0 0 0 0 0 0 18.2083 2.57966 2.62252 0 0 0 0 0 0 0 0 0 0 0 
0 0 0 0 0 0 0 0 0 0 0 0 0 0 0 0 0 0 0 2.53447 0 18.8964 0 0 0 0 0 0 0 0 0 0 0 0 0 2.55894 18.5736 0 37.4232 0 0 0 0 0 0 0 0 0 0 
2.53262 2.51446 2.53817 2.68332 287.356 0 0 2.69792 21.645 17.9986 0 0 2.55123 0 0 0 0 2.5684 0 0 0 0 0 6.78452 0 2.53465 0 0 0 0 0 0 0 0 2.52544 0 0 0 0 0 2.73619 0 0 0 18.8111 2.5531 0 0 0 
0 0 0 0 0 0 0 0 inf 0 0 0 0 0 0 0 0 18.8679 2.53465 0 0 0 0 0 1977.13 18.5874 0 0 0 0 0 0 18.3419 18.0245 0 0 0 0 0 18.2482 0 0 0 0 0 0 0 0 0 
0 0 2.59916 0 0 0 0 0 0 2.60893 0 0 0 0 0 0 0 2.63247 18.5874 0 0 0 0 2.53465 18.5874 19.1424 18.0636 0 0 0 0 18.0766 2.54767 18.9681 0 0 0 0 0 18.2482 37.6646 0 0 0 0 0 0 0 0 
0 0 0 0 0 0 0 0 0 0 2.52893 0 0 0 0 0 2.50901 18.0636 0 0 0 0 0 0 0 18.0636 0 25.9067 0 0 0 2.51065 19.2012 0 2.74072 0 0 0 0 0 0 2.57221 0 0 0 0 0 0 2.74072 
0 0 0 0 0 0 0 0 0 0 0 2.64651 0 0 18.3554 2.50539 0 0 0 0 0 0 0 0 0 0 25.9067 0 18.3554 18.8111 2.67526 0 0 0 0 0 0 0 0 0 0 0 inf 0 0 0 0 40.5791 0 
0 0 0 0 0 0 0 0 0 0 0 0 0 18.0636 2.60482 18.7126 0 0 0 0 0 0 0 0 0 0 0 18.3554 0 2.5236 0 0 0 0 0 0 0 0 0 0 0 0 0 19.4099 0 inf 18.9681 0 0 
0 0 0 0 0 0 0 0 0 0 0 0 0 2.67939 2.58754 0 0 0 0 0 0 0 0 0 0 0 0 18.8111 2.5236 0 18.546 0 0 0 0 0 0 0 0 0 0 0 251.955 2.50901 0 0 2.51994 0 0 
0 0 0 0 0 0 0 0 0 0 0 0 0 0 0 0 0 0 0 0 0 0 0 0 0 0 0 2.67526 0 18.546 0 18.1686 0 0 0 0 0 0 0 0 0 0 2.50521 18.7547 0 0 0 0 0 
0 0 0 0 0 0 0 0 0 0 0 0 0 0 0 0 19.2012 0 0 0 0 0 0 0 0 18.0766 2.51065 0 0 0 18.1686 0 18.0766 0 0 0 0 0 0 0 0 2.5034 18.615 0 0 0 0 0 0 
0 0 0 0 0 0 0 0 0 17.9986 0 0 0 0 0 0 0 18.6706 0 0 0 0 0 0 18.3419 2.54767 19.2012 0 0 0 0 18.0766 0 18.3419 0 0 0 0 0 18.0505 2.56082 18.0245 0 0 0 0 0 0 0 
0 0 0 0 0 0 0 0 0 0 0 0 0 0 0 0 0 0 19.1131 0 0 0 0 0 18.0245 18.9681 0 0 0 0 0 0 18.3419 0 0 0 0 0 18.315 2.6732 19.5465 0 0 0 0 0 0 0 0 
2.69792 2.54749 2.53632 16.1199 0 0 0 20.9071 0 53.3408 2.59334 19.5618 18.2882 0 0 0 0 0 0 0 0 0 0 2.52544 0 0 2.74072 0 0 0 0 0 0 0 19.6078 0 0 0 0 0 0 0 0 0 2.50702 2.61285 0 18.6289 2.55329 
0 0 0 0 0 0 0 0 0 0 0 0 0 0 0 0 0 0 0 18.3284 0 18.2083 2.55894 0 0 0 0 0 0 0 0 0 0 0 0 0 18.2083 19.3498 2.68125 19.5618 0 0 0 0 0 0 0 0 0 
0 0 0 0 0 0 18.8395 0 0 0 0 0 0 0 0 0 0 0 0 0 19.1131 2.57966 18.5736 0 0 0 0 0 0 0 0 0 0 0 0 18.2083 0 2.50521 0 0 0 0 0 0 0 0 0 0 0 
0 0 0 0 0 0 0 0 0 0 0 0 0 0 0 0 0 0 0 0 2.62074 2.62252 0 0 0 0 0 0 0 0 0 0 0 0 0 19.3498 2.50521 0 18.0375 0 0 0 0 0 0 0 0 0 0 
0 0 0 0 0 0 0 0 0 0 0 0 0 0 0 0 0 0 0 40.523 0 0 37.4232 0 0 0 0 0 0 0 0 0 0 18.315 0 2.68125 0 18.0375 0 18.315 0 0 0 0 0 0 0 0 0 
0 0 0 0 0 0 0 0 33.8703 0 0 0 0 0 0 0 0 18.2482 18.2482 0 0 0 0 0 18.2482 18.2482 0 0 0 0 0 0 18.0505 2.6732 0 19.5618 0 0 18.315 0 18.0375 0 0 0 0 0 0 0 0 
0 0 0 0 0 0 0 0 0 0 0 0 0 0 0 0 0 37.6646 0 0 0 0 0 2.73619 0 37.6646 0 0 0 0 0 0 2.56082 19.5465 0 0 0 0 0 18.0375 0 19.6541 0 0 0 0 0 0 0 
0 0 0 0 0 0 0 0 0 0 0 0 0 0 0 0 41.0403 0 0 0 0 0 0 0 0 0 2.57221 0 0 0 0 2.5034 18.0245 0 0 0 0 0 0 0 19.6541 0 18.0766 0 0 0 0 0 0 
0 0 0 0 0 0 0 0 0 0 0 0 0 0 0 0 0 0 0 0 0 0 0 0 0 0 0 inf 0 251.955 2.50521 18.615 0 0 0 0 0 0 0 0 0 18.0766 0 18.7547 0 0 0 0 0 
0 0 0 0 0 0 0 0 0 0 0 0 0 0 0 0 0 0 0 0 0 0 0 0 0 0 0 0 19.4099 2.50901 18.7547 0 0 0 0 0 0 0 0 0 0 0 18.7547 0 0 0 0 0 0 
0 19.5312 2.62669 inf 0 0 0 0 0 0 0 4.3069 0 0 0 0 0 0 0 0 0 0 0 18.8111 0 0 0 0 0 0 0 0 0 0 2.50702 0 0 0 0 0 0 0 0 0 18.6706 6.54596 18.797 2.50901 0 
0 2.72973 2.62669 0 0 0 0 0 0 0 0 19.216 0 18.0115 0 0 0 0 0 0 0 0 0 2.5531 0 0 0 0 inf 0 0 0 0 0 2.61285 0 0 0 0 0 0 0 0 0 6.54596 2.52709 2.54936 2.55498 0 
0 0 0 0 0 0 0 0 0 0 0 0 0 2.5684 2.94756 0 0 0 0 0 0 0 0 0 0 0 0 0 18.9681 2.51994 0 0 0 0 0 0 0 0 0 0 0 0 0 0 18.797 2.54936 0 18.3419 0 
0 0 0 0 0 0 0 0 0 0 0 2.5328 0 18.8679 0 19.1571 0 0 0 0 0 0 0 0 0 0 0 40.5791 0 0 0 0 0 0 18.6289 0 0 0 0 0 0 0 0 0 2.50901 2.55498 18.3419 128.988 18.0897 
0 0 18.0897 0 0 0 0 0 0 0 2.57221 89.8192 0 0 0 0 18.0636 0 0 0 0 0 0 0 0 0 2.74072 0 0 0 0 0 0 0 2.55329 0 0 0 0 0 0 0 0 0 0 0 0 18.0897 19.3648 
0 2.69813 0 0 18.8822 2.57342 0 0 0 0 0 0 2.69813 0 0 0 0 0 0 0 0 0 0 2.5328 0 0 0 0 0 0 0 0 0 0 2.69813 0 0 0 0 0 0 0 0 0 0 0 0 0 0 
2.69813 0 0 10.5677 6.70986 18.6567 0 0 0 0 0 0 0.906136 0 0 0 0 0 0 0 0 0 0 2.54749 0 0 0 0 0 0 0 0 0 0 2.54749 0 0 0 0 0 0 0 0 0 18.8253 19.3349 0 0 0 
0 0 18.4502 2.54022 6.84986 2.50702 18.5736 10.099 19.5618 2.50539 0 0 9.32024 0 0 0 0 2.66684 0 0 0 0 0 2.53817 0 2.53465 0 0 0 0 0 0 0 0 2.56082 0 0 0 0 0 0 0 0 0 2.53632 2.62669 0 0 18.0897 
0 10.5677 2.54022 18.7126 2.57774 2.54749 18.5736 10.099 2.52525 0 0 0 2.47359 0 0 0 0 0 11.266 0 0 0 0 18.797 0 0 0 0 0 0 0 0 0 0 18.797 0 0 0 0 0 0 0 0 0 18.797 0 0 0 0 
18.8822 6.70986 6.84986 2.57774 7.46903 2.53077 9.96704 2.56271 18.3016 0 0 0 0 0 0 0 0 0 0 0 6.80506 0 0 287.356 0 0 0 0 0 0 0 0 0 0 0 0 0 0 0 0 0 0 0 0 0 0 0 0 0 
2.57342 18.6567 2.50702 2.54749 2.53077 19.0259 2.45272 0 0 0 0 0 0 0 0 0 0 0 0 0 2.57221 inf 0 2.50702 0 0 0 0 0 0 0 0 0 0 0 0 0 0 0 0 0 0 0 0 0 0 0 0 0 
0 0 18.5736 18.5736 9.96704 2.45272 6.87318 7.62797 0 0 0 0 0 0 0 0 0 0 0 18.3016 2.17464 18.4775 0 0 0 0 0 0 0 0 0 0 0 0 0 0 6.13925 0 0 0 0 0 0 0 0 0 0 0 0 
0 0 10.099 10.099 2.56271 0 7.62797 116.654 7.56422 0 0 0 0 0 0 0 0 0 0 2.5034 8.42285 0 0 0 0 0 0 0 0 0 0 0 0 0 0 0 0 0 0 0 0 0 0 0 0 0 0 0 0 
0 0 19.5618 2.52525 18.3016 0 0 7.56422 18.7406 0 0 0 0 0 0 0 0 18.4366 2.60893 0 0 0 0 21.645 inf 0 0 0 0 0 0 0 0 0 0 0 0 0 0 33.8703 0 0 0 0 0 0 0 0 0 
0 0 2.50539 0 0 0 0 0 0 6.62083 7.20421 0 0 0 0 0 0 2.53447 0 0 0 0 0 0 0 2.60873 0 0 0 0 0 0 4.86172 0 0 0 0 0 0 0 0 0 0 0 0 0 0 0 0 
0 0 0 0 0 0 0 0 0 7.20421 0 19.2012 0 0 0 18.6012 2.50883 0 0 0 0 0 0 0 0 0 2.52912 0 0 0 0 0 0 0 5.25744 0 0 0 0 0 0 0 0 0 0 0 0 0 2.57221 
0 0 0 0 0 0 0 0 0 0 19.2012 146.223 0 18.2083 7.67231 2.58369 19.1131 0 0 0 0 0 0 0 0 0 0 18.7126 0 0 0 0 0 0 18.2083 0 0 0 0 0 0 0 0 0 0 0 0 2.53262 89.8192 
2.69813 0.906136 9.32024 2.47359 0 0 0 0 0 0 0 0 18.8395 0 0 0 0 0 0 0 0 0 0 2.55123 0 0 0 0 0 0 0 0 0 0 5.45016 0 0 0 0 0 0 0 0 0 0 0 0 0 0 
0 0 0 0 0 0 0 0 0 0 0 18.2083 0 19.5771 2.51083 0 0 0 0 0 0 0 0 0 0 0 0 0 2.55517 2.67939 0 0 0 0 0 0 0 0 0 0 0 0 0 0 0 39.5247 2.53262 18.8679 0 
0 0 0 0 0 0 0 0 0 0 0 7.67231 0 2.51083 18.8253 18.8964 0 0 0 0 0 0 0 0 0 0 0 18.3554 2.7364 2.58754 0 0 0 0 0 0 0 0 0 0 0 0 0 0 0 0 0 0 0 
0 0 0 0 0 0 0 0 0 0 18.6012 2.58369 0 0 18.8964 7.80393 6.72817 0 0 0 0 0 0 0 0 0 0 2.50539 5.95652 0 0 0 0 0 0 0 0 0 0 0 0 0 0 0 0 0 0 33.4527 0 
0 0 0 0 0 0 0 0 0 0 2.50883 19.1131 0 0 0 6.72817 146.122 44.5633 0 0 0 0 0 0 0 0 2.50901 0 0 0 0 5.95718 0 0 145.362 0 0 0 0 0 0 41.0371 0 0 0 0 0 0 2.72139 
0 0 2.66684 0 0 0 0 0 18.4366 2.53447 0 0 0 0 0 0 44.5633 124.177 7.37145 0 0 0 0 2.56821 18.8679 2.56253 18.0636 0 0 0 0 0 18.6706 0 0 0 0 0 0 18.2482 37.6618 0 0 0 0 0 0 0 0 
0 0 0 11.266 0 0 0 0 2.60893 0 0 0 0 0 0 0 0 7.37145 119.183 0 0 0 0 0 2.53447 18.5874 0 0 0 0 0 0 0 6.99845 0 0 0 0 0 18.2482 0 0 0 0 0 0 0 0 0 
0 0 0 0 0 0 18.3016 2.5034 0 0 0 0 0 0 0 0 0 0 0 128.937 7.18795 18.8964 2.53465 0 0 0 0 0 0 0 0 0 0 0 0 27.9444 0 0 40.523 0 0 0 0 0 0 0 0 0 0 
0 0 0 0 6.80506 2.57221 2.17464 8.42285 0 0 0 0 0 0 0 0 0 0 0 7.18795 18.7126 2.09408 0 0 0 0 0 0 0 0 0 0 0 0 0 0 6.22154 2.62055 0 0 0 0 0 0 0 0 0 0 0 
0 0 0 0 0 inf 18.4775 0 0 0 0 0 0 0 0 0 0 0 0 18.8964 2.09408 0 18.8964 0 0 0 0 0 0 0 0 0 0 0 0 6.37603 2.57966 2.62252 0 0 0 0 0 0 0 0 0 0 0 
0 0 0 0 0 0 0 0 0 0 0 0 0 0 0 0 0 0 0 2.53465 0 18.8964 0 0 0 0 0 0 0 0 0 0 0 0 0 2.55894 5.39902 0 37.4232 0 0 0 0 0 0 0 0 0 0 
2.5328 2.54749 2.53817 18.797 287.356 2.50702 0 0 21.645 0 0 0 2.55123 0 0 0 0 2.56821 0 0 0 0 0 6.78452 0 3.04795 0 0 0 0 0 0 0 0 2.52544 0 0 0 0 0 2.73619 0 0 0 2.51811 2.5531 0 0 0 
0 0 0 0 0 0 0 0 inf 0 0 0 0 0 0 0 0 18.8679 2.53447 0 0 0 0 0 1977.13 18.5874 0 0 0 0 0 0 18.3419 7.02579 0 0 0 0 0 18.2482 0 0 0 0 0 0 0 0 0 
0 0 2.53465 0 0 0 0 0 0 2.60873 0 0 0 0 0 0 0 2.56253 18.5874 0 0 0 0 3.04795 18.5874 5.72203 4.75976 0 0 0 0 7.35915 2.54749 18.9681 inf 0 0 0 0 18.2482 37.6618 0 0 0 0 0 0 0 0 
0 0 0 0 0 0 0 0 0 0 2.52912 0 0 0 0 0 2.50901 18.0636 0 0 0 0 0 0 0 4.75976 0 25.9067 0 0 0 2.51065 19.2012 0 6.83508 0 0 0 0 0 0 2.57202 0 0 0 0 0 0 2.74051 
0 0 0 0 0 0 0 0 0 0 0 18.7126 0 0 18.3554 2.50539 0 0 0 0 0 0 0 0 0 0 25.9067 0 18.3554 18.8111 2.67526 0 0 0 0 0 0 0 0 0 0 0 inf 0 0 0 0 0 0 
0 0 0 0 0 0 0 0 0 0 0 0 0 2.55517 2.7364 5.95652 0 0 0 0 0 0 0 0 0 0 0 18.3554 0 2.5236 0 0 0 0 0 0 0 0 0 0 0 0 0 19.4099 0 inf 6.41697 0 0 
0 0 0 0 0 0 0 0 0 0 0 0 0 2.67939 2.58754 0 0 0 0 0 0 0 0 0 0 0 0 18.8111 2.5236 0 18.546 0 0 0 0 0 0 0 0 0 0 0 251.955 2.50901 0 2.51994 2.51994 0 0 
0 0 0 0 0 0 0 0 0 0 0 0 0 0 0 0 0 0 0 0 0 0 0 0 0 0 0 2.67526 0 18.546 0 18.1686 0 0 0 0 0 0 0 0 0 0 2.50539 6.93242 0 0 0 0 0 
0 0 0 0 0 0 0 0 0 0 0 0 0 0 0 0 5.95718 0 0 0 0 0 0 0 0 7.35915 2.51065 0 0 0 18.1686 0 7.35915 0 0 0 0 0 0 0 0 2.5034 18.615 0 0 0 0 0 0 
0 0 0 0 0 0 0 0 0 4.86172 0 0 0 0 0 0 0 18.6706 0 0 0 0 0 0 18.3419 2.54749 19.2012 0 0 0 0 7.35915 0 7.65894 0 0 0 0 0 18.0505 2.56082 18.0245 0 0 0 0 0 0 0 
0 0 0 0 0 0 0 0 0 0 0 0 0 0 0 0 0 0 6.99845 0 0 0 0 0 7.02579 18.9681 0 0 0 0 0 0 7.65894 0 0 0 0 0 6.88773 2.6732 19.5465 0 0 0 0 0 0 0 0 
2.69813 2.54749 2.56082 18.797 0 0 0 0 0 0 5.25744 18.2083 5.45016 0 0 0 145.362 0 0 0 0 0 0 2.52544 0 inf 6.83508 0 0 0 0 0 0 0 19.6078 0 0 0 0 0 0 0 0 0 2.5072 2.57794 0 18.6289 2.5531 
0 0 0 0 0 0 0 0 0 0 0 0 0 0 0 0 0 0 0 27.9444 0 6.37603 2.55894 0 0 0 0 0 0 0 0 0 0 0 0 0 18.2083 7.30996 2.68146 19.5618 0 0 0 0 0 0 0 0 0 
0 0 0 0 0 0 6.13925 0 0 0 0 0 0 0 0 0 0 0 0 0 6.22154 2.57966 5.39902 0 0 0 0 0 0 0 0 0 0 0 0 18.2083 0 2.50521 0 0 0 0 0 0 0 0 0 0 0 
0 0 0 0 0 0 0 0 0 0 0 0 0 0 0 0 0 0 0 0 2.62055 2.62252 0 0 0 0 0 0 0 0 0 0 0 0 0 7.30996 2.50521 0 6.30277 0 0 0 0 0 0 0 0 0 0 
0 0 0 0 0 0 0 0 0 0 0 0 0 0 0 0 0 0 0 40.523 0 0 37.4232 0 0 0 0 0 0 0 0 0 0 6.88773 0 2.68146 0 6.30277 0 18.315 0 0 0 0 0 0 0 0 0 
0 0 0 0 0 0 0 0 33.8703 0 0 0 0 0 0 0 0 18.2482 18.2482 0 0 0 0 0 18.2482 18.2482 0 0 0 0 0 0 18.0505 2.6732 0 19.5618 0 0 18.315 0 4.69103 0 0 0 0 0 0 0 0 
0 0 0 0 0 0 0 0 0 0 0 0 0 0 0 0 0 37.6618 0 0 0 0 0 2.73619 0 37.6618 0 0 0 0 0 0 2.56082 19.5465 0 0 0 0 0 4.69103 0 19.6541 0 0 0 0 0 0 0 
0 0 0 0 0 0 0 0 0 0 0 0 0 0 0 0 41.0371 0 0 0 0 0 0 0 0 0 2.57202 0 0 0 0 2.5034 18.0245 0 0 0 0 0 0 0 19.6541 0 6.98333 0 0 0 0 0 0 
0 0 0 0 0 0 0 0 0 0 0 0 0 0 0 0 0 0 0 0 0 0 0 0 0 0 0 inf 0 251.955 2.50539 18.615 0 0 0 0 0 0 0 0 0 6.98333 0 6.93242 0 0 0 0 0 
0 0 0 0 0 0 0 0 0 0 0 0 0 0 0 0 0 0 0 0 0 0 0 0 0 0 0 0 19.4099 2.50901 6.93242 0 0 0 0 0 0 0 0 0 0 0 6.93242 0 0 0 0 0 0 
0 18.8253 2.53632 18.797 0 0 0 0 0 0 0 0 0 0 0 0 0 0 0 0 0 0 0 2.51811 0 0 0 0 0 0 0 0 0 0 2.5072 0 0 0 0 0 0 0 0 0 6.11376 5.38939 18.797 2.50883 0 
0 19.3349 2.62669 0 0 0 0 0 0 0 0 0 0 39.5247 0 0 0 0 0 0 0 0 0 2.5531 0 0 0 0 inf 2.51994 0 0 0 0 2.57794 0 0 0 0 0 0 0 0 0 5.38939 2.45296 2.51065 2.63267 0 
0 0 0 0 0 0 0 0 0 0 0 0 0 2.53262 0 0 0 0 0 0 0 0 0 0 0 0 0 0 6.41697 2.51994 0 0 0 0 0 0 0 0 0 0 0 0 0 0 18.797 2.51065 0 18.3419 0 
0 0 0 0 0 0 0 0 0 0 0 2.53262 0 18.8679 0 33.4527 0 0 0 0 0 0 0 0 0 0 0 0 0 0 0 0 0 0 18.6289 0 0 0 0 0 0 0 0 0 2.50883 2.63267 18.3419 133.084 18.0897 
0 0 18.0897 0 0 0 0 0 0 0 2.57221 89.8192 0 0 0 0 2.72139 0 0 0 0 0 0 0 0 0 2.74051 0 0 0 0 0 0 0 2.5531 0 0 0 0 0 0 0 0 0 0 0 0 18.0897 89.9252 
0 2.69792 0 0 7.32418 2.57342 0 0 0 0 0 0 2.69792 0 0 0 0 0 0 0 0 0 0 2.69792 0 0 0 0 0 0 0 0 0 0 2.69792 0 0 0 0 0 0 0 0 0 0 0 0 0 0 
2.69792 0 0 10.5677 6.70986 18.6567 0 0 0 0 0 0 0.906136 0 0 0 0 0 0 0 0 0 0 2.54749 0 0 0 0 0 0 0 0 0 0 2.54749 0 0 0 0 0 0 0 0 0 18.8253 23.4962 0 0 0 
0 0 6.15284 2.54022 6.85026 2.50702 18.5736 10.099 19.5618 2.50539 18.3016 0 9.32024 0 0 0 0 2.66684 0 0 0 0 0 2.53817 0 2.53465 0 0 0 0 0 0 0 0 2.56064 0 0 0 0 0 0 0 0 0 2.53632 2.62669 0 0 18.0897 
0 10.5677 2.54022 18.7126 2.57774 2.54749 18.5736 10.099 2.52525 0 0 0 2.47359 0 0 0 0 0 11.266 0 0 0 0 0 0 0 0 0 0 0 0 0 0 0 0 0 0 0 0 0 0 0 0 0 0 0 0 0 0 
7.32418 6.70986 6.85026 2.57774 7.46903 2.53096 9.96704 2.56271 18.3016 0 0 0 0 0 0 0 0 0 0 0 6.80465 0 0 287.356 0 0 0 0 0 0 0 0 0 0 0 0 0 0 0 0 0 0 0 0 0 0 0 0 0 
2.57342 18.6567 2.50702 2.54749 2.53096 19.0259 2.45272 0 0 0 0 0 0 0 0 0 0 0 0 0 2.57221 inf 0 2.50702 0 0 0 0 0 0 0 0 0 0 0 0 0 0 0 0 0 0 0 0 0 0 0 0 0 
0 0 18.5736 18.5736 9.96704 2.45272 6.87318 7.62797 0 0 0 0 0 0 0 0 0 0 0 18.3016 2.17464 18.4775 0 0 0 0 0 0 0 0 0 0 0 0 0 0 6.1389 0 0 0 0 0 0 0 0 0 0 0 0 
0 0 10.099 10.099 2.56271 0 7.62797 116.654 7.56422 0 0 0 0 0 0 0 0 0 0 2.5034 8.42285 0 0 0 0 0 0 0 0 0 0 0 0 0 0 0 0 0 0 0 0 0 0 0 0 0 0 0 0 
0 0 19.5618 2.52525 18.3016 0 0 7.56422 18.7406 0 0 0 0 0 0 0 0 18.4366 2.60893 0 0 0 0 21.645 inf 0 0 0 0 0 0 0 0 0 0 0 0 0 0 33.873 0 0 0 0 0 0 0 0 0 
0 0 2.50539 0 0 0 0 0 0 6.62083 7.20421 0 0 0 0 0 0 2.53447 0 0 0 0 0 0 0 2.60893 0 0 0 0 0 0 4.86172 0 0 0 0 0 0 0 0 0 0 0 0 0 0 0 0 
0 0 18.3016 0 0 0 0 0 0 7.20421 0 19.2012 0 0 0 18.6012 2.50539 0 0 0 0 0 0 0 0 0 24.6927 0 0 0 0 0 0 0 2.69792 0 0 0 0 0 0 0 0 0 0 0 0 0 2.57202 
0 0 0 0 0 0 0 0 0 0 19.2012 7.69676 0 18.2083 7.67231 2.5835 19.1131 0 0 0 0 0 0 0 0 0 0 8.92708 0 0 0 0 0 0 0 0 0 0 0 0 0 0 0 0 4.3069 0 0 2.53262 89.8192 
2.69792 0.906136 9.32024 2.47359 0 0 0 0 0 0 0 0 18.8395 0 0 0 0 0 0 0 0 0 0 2.53465 0 0 0 0 0 0 0 0 0 0 2.53465 0 0 0 0 0 0 0 0 0 0 0 0 0 0 
0 0 0 0 0 0 0 0 0 0 0 18.2083 0 19.5771 2.51083 0 0 0 0 0 0 0 0 0 0 0 0 0 2.55517 2.51994 0 0 0 0 0 0 0 0 0 0 0 0 0 0 0 0 2.59702 18.8679 0 
0 0 0 0 0 0 0 0 0 0 0 7.67231 0 2.51083 18.8253 7.74294 0 0 0 0 0 0 0 0 0 0 0 18.3554 2.56461 2.58754 0 0 0 0 0 0 0 0 0 0 0 0 0 0 0 0 0 0 0 
0 0 0 0 0 0 0 0 0 0 18.6012 2.5835 0 0 7.74294 18.4502 7.8201 0 0 0 0 0 0 0 0 0 0 2.50539 5.95652 0 0 0 0 0 0 0 0 0 0 0 0 0 0 0 0 0 0 7.18944 0 
0 0 0 0 0 0 0 0 0 0 2.50539 19.1131 0 0 0 7.8201 146.122 44.5633 0 0 0 0 0 0 0 0 2.50901 0 0 0 0 6.87526 0 0 0 0 0 0 0 0 0 41.0403 0 0 0 0 0 0 2.72118 
0 0 2.66684 0 0 0 0 0 18.4366 2.53447 0 0 0 0 0 0 44.5633 124.177 7.42595 0 0 0 0 2.5684 18.8679 2.56253 18.0636 0 0 0 0 0 18.6706 0 0 0 0 0 0 18.2482 37.6646 0 0 0 0 0 0 0 0 
0 0 0 11.266 0 0 0 0 2.60893 0 0 0 0 0 0 0 0 7.42595 119.183 0 0 0 0 0 2.53447 18.5874 0 0 0 0 0 0 0 6.99845 0 0 0 0 0 18.2482 0 0 0 0 0 0 0 0 0 
0 0 0 0 0 0 18.3016 2.5034 0 0 0 0 0 0 0 0 0 0 0 128.937 7.18795 18.8964 2.53465 0 0 0 0 0 0 0 0 0 0 0 0 27.9372 0 0 40.523 0 0 0 0 0 0 0 0 0 0 
0 0 0 0 6.80465 2.57221 2.17464 8.42285 0 0 0 0 0 0 0 0 0 0 0 7.18795 18.7126 2.09408 0 0 0 0 0 0 0 0 0 0 0 0 0 0 19.1131 2.62055 0 0 0 0 0 0 0 0 0 0 0 
0 0 0 0 0 inf 18.4775 0 0 0 0 0 0 0 0 0 0 0 0 18.8964 2.09408 0 18.8964 0 0 0 0 0 0 0 0 0 0 0 0 6.37603 2.57966 2.62272 0 0 0 0 0 0 0 0 0 0 0 
0 0 0 0 0 0 0 0 0 0 0 0 0 0 0 0 0 0 0 2.53465 0 18.8964 0 0 0 0 0 0 0 0 0 0 0 0 0 2.55875 5.39902 0 37.4204 0 0 0 0 0 0 0 0 0 0 
2.69792 2.54749 2.53817 0 287.356 2.50702 0 0 21.645 0 0 0 2.53465 0 0 0 0 2.5684 0 0 0 0 0 6.78452 0 3.04795 0 0 0 0 0 0 0 0 2.50521 0 0 0 0 0 2.7364 0 0 0 2.72566 2.53077 0 0 0 
0 0 0 0 0 0 0 0 inf 0 0 0 0 0 0 0 0 18.8679 2.53447 0 0 0 0 0 1977.13 18.5874 0 0 0 0 0 0 18.3419 7.02579 0 0 0 0 0 18.2482 0 0 0 0 0 0 0 0 0 
0 0 2.53465 0 0 0 0 0 0 2.60893 0 0 0 0 0 0 0 2.56253 18.5874 0 0 0 0 3.04795 18.5874 5.72203 4.75976 0 0 0 0 7.35915 2.54749 18.9681 3.04795 0 0 0 0 18.2482 37.6646 0 0 0 0 0 0 0 0 
0 0 0 0 0 0 0 0 0 0 24.6927 0 0 0 0 0 2.50901 18.0636 0 0 0 0 0 0 0 4.75976 0 25.9067 0 0 0 2.51065 19.2012 0 2.74072 0 0 0 0 0 0 2.57202 0 0 0 0 0 0 2.74072 
0 0 0 0 0 0 0 0 0 0 0 8.92708 0 0 18.3554 2.50539 0 0 0 0 0 0 0 0 0 0 25.9067 0 18.3554 18.8111 2.67506 0 0 0 0 0 0 0 0 0 0 0 inf 0 0 0 0 0 0 
0 0 0 0 0 0 0 0 0 0 0 0 0 2.55517 2.56461 5.95652 0 0 0 0 0 0 0 0 0 0 0 18.3554 0 2.5236 0 0 0 0 0 0 0 0 0 0 0 0 0 19.4099 0 inf 18.0636 0 0 
0 0 0 0 0 0 0 0 0 0 0 0 0 2.51994 2.58754 0 0 0 0 0 0 0 0 0 0 0 0 18.8111 2.5236 0 6.85199 0 0 0 0 0 0 0 0 0 0 0 251.955 2.50901 0 0 2.51994 0 0 
0 0 0 0 0 0 0 0 0 0 0 0 0 0 0 0 0 0 0 0 0 0 0 0 0 0 0 2.67506 0 6.85199 0 18.1686 0 0 0 0 0 0 0 0 0 0 2.50521 6.93242 0 0 0 0 0 
0 0 0 0 0 0 0 0 0 0 0 0 0 0 0 0 6.87526 0 0 0 0 0 0 0 0 7.35915 2.51065 0 0 0 18.1686 0 7.35915 0 0 0 0 0 0 0 0 2.5034 18.615 0 0 0 0 0 0 
0 0 0 0 0 0 0 0 0 4.86172 0 0 0 0 0 0 0 18.6706 0 0 0 0 0 0 18.3419 2.54749 19.2012 0 0 0 0 7.35915 0 7.65894 0 0 0 0 0 18.0505 2.56082 18.0245 0 0 0 0 0 0 0 
0 0 0 0 0 0 0 0 0 0 0 0 0 0 0 0 0 0 6.99845 0 0 0 0 0 7.02579 18.9681 0 0 0 0 0 0 7.65894 0 0 0 0 0 6.88773 2.6732 19.5465 0 0 0 0 0 0 0 0 
2.69792 2.54749 2.56064 0 0 0 0 0 0 0 2.69792 0 2.53465 0 0 0 0 0 0 0 0 0 0 2.50521 0 3.04795 2.74072 0 0 0 0 0 0 0 70.4089 0 0 0 0 0 0 0 0 0 2.50702 2.61285 0 18.6289 2.6447 
0 0 0 0 0 0 0 0 0 0 0 0 0 0 0 0 0 0 0 27.9372 0 6.37603 2.55875 0 0 0 0 0 0 0 0 0 0 0 0 0 18.2083 7.30996 2.68146 19.5618 0 0 0 0 0 0 0 0 0 
0 0 0 0 0 0 6.1389 0 0 0 0 0 0 0 0 0 0 0 0 0 19.1131 2.57966 5.39902 0 0 0 0 0 0 0 0 0 0 0 0 18.2083 0 2.50521 0 0 0 0 0 0 0 0 0 0 0 
0 0 0 0 0 0 0 0 0 0 0 0 0 0 0 0 0 0 0 0 2.62055 2.62272 0 0 0 0 0 0 0 0 0 0 0 0 0 7.30996 2.50521 0 6.30277 0 0 0 0 0 0 0 0 0 0 
0 0 0 0 0 0 0 0 0 0 0 0 0 0 0 0 0 0 0 40.523 0 0 37.4204 0 0 0 0 0 0 0 0 0 0 6.88773 0 2.68146 0 6.30277 0 6.48556 0 0 0 0 0 0 0 0 0 
0 0 0 0 0 0 0 0 33.873 0 0 0 0 0 0 0 0 18.2482 18.2482 0 0 0 0 0 18.2482 18.2482 0 0 0 0 0 0 18.0505 2.6732 0 19.5618 0 0 6.48556 0 4.69103 0 0 0 0 0 0 0 0 
0 0 0 0 0 0 0 0 0 0 0 0 0 0 0 0 0 37.6646 0 0 0 0 0 2.7364 0 37.6646 0 0 0 0 0 0 2.56082 19.5465 0 0 0 0 0 4.69103 0 19.6541 0 0 0 0 0 0 0 
0 0 0 0 0 0 0 0 0 0 0 0 0 0 0 0 41.0403 0 0 0 0 0 0 0 0 0 2.57202 0 0 0 0 2.5034 18.0245 0 0 0 0 0 0 0 19.6541 0 6.98333 0 0 0 0 0 0 
0 0 0 0 0 0 0 0 0 0 0 0 0 0 0 0 0 0 0 0 0 0 0 0 0 0 0 inf 0 251.955 2.50521 18.615 0 0 0 0 0 0 0 0 0 6.98333 0 6.93242 0 0 0 0 0 
0 0 0 0 0 0 0 0 0 0 0 0 0 0 0 0 0 0 0 0 0 0 0 0 0 0 0 0 19.4099 2.50901 6.93242 0 0 0 0 0 0 0 0 0 0 0 6.93242 0 0 0 0 0 0 
0 18.8253 2.53632 0 0 0 0 0 0 0 0 4.3069 0 0 0 0 0 0 0 0 0 0 0 2.72566 0 0 0 0 0 0 0 0 0 0 2.50702 0 0 0 0 0 0 0 0 0 6.11376 4.40385 18.797 2.50901 0 
0 23.4962 2.62669 0 0 0 0 0 0 0 0 0 0 0 0 0 0 0 0 0 0 0 0 2.53077 0 0 0 0 inf 0 0 0 0 0 2.61285 0 0 0 0 0 0 0 0 0 4.40385 2.45296 2.51065 2.5236 0 
0 0 0 0 0 0 0 0 0 0 0 0 0 2.59702 0 0 0 0 0 0 0 0 0 0 0 0 0 0 18.0636 2.51994 0 0 0 0 0 0 0 0 0 0 0 0 0 0 18.797 2.51065 0 18.797 0 
0 0 0 0 0 0 0 0 0 0 0 2.53262 0 18.8679 0 7.18944 0 0 0 0 0 0 0 0 0 0 0 0 0 0 0 0 0 0 18.6289 0 0 0 0 0 0 0 0 0 2.50901 2.5236 18.797 128.988 18.0897 
0 0 18.0897 0 0 0 0 0 0 0 2.57202 89.8192 0 0 0 0 2.72118 0 0 0 0 0 0 0 0 0 2.74072 0 0 0 0 0 0 0 2.6447 0 0 0 0 0 0 0 0 0 0 0 0 18.0897 93.9937 
0 2.51446 0 0 0 -3.11595 0 0 0 0 0 0 0 0 0 0 0 0 0 0 0 0 0 0 0 0 0 0 0 0 0 0 0 0 0 0 0 0 0 0 0 0 0 0 0 0 0 0 0 
2.51446 0 0 0 5.62387 0 0 0 0 0 0 0 2.59315 0 0 0 0 0 0 0 0 0 0 0 0 0 0 0 0 0 0 0 0 0 0 0 0 0 0 0 0 0 0 0 0 0 0 0 0 
0 0 0 2.52525 0 0 0 0 0 4.16335 0 0 0 0 0 0 0 0 0 0 0 0 0 6.10616 0 0 0 0 0 0 0 0 0 0 0 0 0 0 0 0 0 0 0 0 0 0 0 0 2.5914 
0 0 2.52525 0 2.52727 0 0 0 5.4922 0 0 0 5.93002 0 0 0 0 0 0 0 0 0 0 0 0 0 0 0 0 0 0 0 0 0 0 0 0 0 0 0 0 0 0 0 0 0 0 0 0 
0 5.62387 0 2.52727 0 2.51083 0 6.22885 0 0 0 0 0 0 0 0 0 0 0 0 0 0 0 0 0 0 0 0 0 0 0 0 0 0 0 0 0 0 0 0 0 0 0 0 0 0 0 0 0 
-3.11595 0 0 0 2.51083 0 2.51994 0 0 0 0 0 0 0 0 0 0 0 0 0 0 0 0 0 0 0 0 0 0 0 0 0 0 0 0 0 0 0 0 0 0 0 0 0 0 0 0 0 0 
0 0 0 0 0 2.51994 0 5.45762 0 0 0 0 0 0 0 0 0 0 0 0 2.57011 0 0 0 0 0 0 0 0 0 0 0 0 0 0 0 0 0 0 0 0 0 0 0 0 0 0 0 0 
0 0 0 0 6.22885 0 5.45762 0 2.50702 0 0 0 0 0 0 0 0 0 0 4.63269 0 0 0 0 0 0 0 0 0 0 0 0 0 0 0 0 0 0 0 0 0 0 0 0 0 0 0 0 0 
0 0 0 5.4922 0 0 0 2.50702 0 4.82356 0 0 0 0 0 0 0 0 2.665 0 0 0 0 0 0 0 0 0 0 0 0 0 0 0 0 0 0 0 0 0 0 0 0 0 0 0 0 0 0 
0 0 4.16335 0 0 0 0 0 4.82356 0 5.51498 0 0 0 0 0 0 4.95224 0 0 0 0 0 0 0 0 0 0 0 0 0 0 0 0 0 0 0 0 0 0 0 0 0 0 0 0 0 0 0 
0 0 0 0 0 0 0 0 0 5.51498 0 2.50702 0 0 0 0 4.75474 0 0 0 0 0 0 0 0 0 0 0 0 0 0 0 0 0 0 0 0 0 0 0 0 0 0 0 0 0 0 0 6.05607 
0 0 0 0 0 0 0 0 0 0 2.50702 0 0 2.51975 0 5.09188 0 0 0 0 0 0 0 0 0 0 0 0 0 0 0 0 0 0 0 0 0 0 0 0 0 0 0 0 0 0 0 5.73355 0 
0 2.59315 0 5.93002 0 0 0 0 0 0 0 0 0 0 0 0 0 0 0 0 0 0 0 2.5684 0 0 0 0 0 0 0 0 0 0 0 0 0 0 0 0 0 0 0 0 0 0 0 0 0 
0 0 0 0 0 0 0 0 0 0 0 2.51975 0 0 2.5328 0 0 0 0 0 0 0 0 0 0 0 0 0 0 0 0 0 0 0 0 0 0 0 0 0 0 0 0 0 0 0 2.53465 0 0 
0 0 0 0 0 0 0 0 0 0 0 0 0 2.5328 0 2.60092 0 0 0 0 0 0 0 0 0 0 0 0 2.51428 0 0 0 0 0 0 0 0 0 0 0 0 0 0 0 0 0 0 0 0 
0 0 0 0 0 0 0 0 0 0 0 5.09188 0 0 2.60092 0 2.5531 0 0 0 0 0 0 0 0 0 0 5.3647 0 0 0 0 0 0 0 0 0 0 0 0 0 0 0 0 0 0 0 0 0 
0 0 0 0 0 0 0 0 0 0 4.75474 0 0 0 0 2.5531 0 4.61497 0 0 0 0 0 0 0 0 2.89554 0 0 0 0 0 0 0 0 0 0 0 0 0 0 0 0 0 0 0 0 0 0 
0 0 0 0 0 0 0 0 0 4.95224 0 0 0 0 0 0 4.61497 0 2.4998 0 0 0 0 0 0 5.64906 0 0 0 0 0 0 0 0 0 0 0 0 0 0 0 0 0 0 0 0 0 0 0 
0 0 0 0 0 0 0 0 2.665 0 0 0 0 0 0 0 0 2.4998 0 2.6166 0 0 0 0 2.58561 0 0 0 0 0 0 0 0 0 0 0 0 0 0 0 0 0 0 0 0 0 0 0 0 
0 0 0 0 0 0 0 4.63269 0 0 0 0 0 0 0 0 0 0 2.6166 0 2.95861 0 5.38926 0 0 0 0 0 0 0 0 0 0 0 0 0 0 0 0 0 0 0 0 0 0 0 0 0 0 
0 0 0 0 0 0 2.57011 0 0 0 0 0 0 0 0 0 0 0 0 2.95861 0 5.21433 0 0 0 0 0 0 0 0 0 0 0 0 0 0 0 0 0 0 0 0 0 0 0 0 0 0 0 
0 0 0 0 0 0 0 0 0 0 0 0 0 0 0 0 0 0 0 0 5.21433 0 2.59528 0 0 0 0 0 0 0 0 0 0 0 0 0 2.52342 0 0 0 0 0 0 0 0 0 0 0 0 
0 0 0 0 0 0 0 0 0 0 0 0 0 0 0 0 0 0 0 5.38926 0 2.59528 0 0 2.57794 0 0 0 0 0 0 0 0 0 0 5.38375 0 0 0 0 0 0 0 0 0 0 0 0 0 
0 0 6.10616 0 0 0 0 0 0 0 0 0 2.5684 0 0 0 0 0 0 0 0 0 0 0 0 0 0 0 0 0 0 0 0 0 2.54208 0 0 0 0 0 0 0 0 0 0 0 0 0 0 
0 0 0 0 0 0 0 0 0 0 0 0 0 0 0 0 0 0 2.58561 0 0 0 2.57794 0 0 2.50702 0 0 0 0 0 0 0 2.71267 0 0 0 0 0 0 0 0 0 0 0 0 0 0 0 
0 0 0 0 0 0 0 0 0 0 0 0 0 0 0 0 0 5.64906 0 0 0 0 0 0 2.50702 0 2.54562 0 0 0 0 0 2.54003 0 0 0 0 0 0 0 0 0 0 0 0 0 0 0 0 
0 0 0 0 0 0 0 0 0 0 0 0 0 0 0 0 2.89554 0 0 0 0 0 0 0 0 2.54562 0 2.56082 0 0 0 2.61198 0 0 0 0 0 0 0 0 0 0 0 0 0 0 0 0 0 
0 0 0 0 0 0 0 0 0 0 0 0 0 0 0 5.3647 0 0 0 0 0 0 0 0 0 0 2.56082 0 2.51428 0 5.72135 0 0 0 0 0 0 0 0 0 0 0 0 0 0 0 0 0 0 
0 0 0 0 0 0 0 0 0 0 0 0 0 0 2.51428 0 0 0 0 0 0 0 0 0 0 0 0 2.51428 0 2.51793 0 0 0 0 0 0 0 0 0 0 0 0 0 0 0 0 0 0 0 
0 0 0 0 0 0 0 0 0 0 0 0 0 0 0 0 0 0 0 0 0 0 0 0 0 0 0 0 2.51793 0 2.5072 0 0 0 0 0 0 0 0 0 0 0 0 2.51446 0 0 0 0 0 
0 0 0 0 0 0 0 0 0 0 0 0 0 0 0 0 0 0 0 0 0 0 0 0 0 0 0 5.72135 0 2.5072 0 6.26035 0 0 0 0 0 0 0 0 0 0 3.25145 0 0 0 0 0 0 
0 0 0 0 0 0 0 0 0 0 0 0 0 0 0 0 0 0 0 0 0 0 0 0 0 0 2.61198 0 0 0 6.26035 0 2.5016 0 0 0 0 0 0 0 0 4.67719 0 0 0 0 0 0 0 
0 0 0 0 0 0 0 0 0 0 0 0 0 0 0 0 0 0 0 0 0 0 0 0 0 2.54003 0 0 0 0 0 2.5016 0 2.5034 0 0 0 0 0 0 5.87261 0 0 0 0 0 0 0 0 
0 0 0 0 0 0 0 0 0 0 0 0 0 0 0 0 0 0 0 0 0 0 0 0 2.71267 0 0 0 0 0 0 0 2.5034 0 0 4.80447 0 0 0 2.5161 0 0 0 0 0 0 0 0 0 
0 0 0 0 0 0 0 0 0 0 0 0 0 0 0 0 0 0 0 0 0 0 0 2.54208 0 0 0 0 0 0 0 0 0 0 0 0 0 0 0 0 0 0 0 0 2.51065 0 0 0 5.55137 
0 0 0 0 0 0 0 0 0 0 0 0 0 0 0 0 0 0 0 0 0 0 5.38375 0 0 0 0 0 0 0 0 0 0 4.80447 0 0 5.26541 0 5.66925 0 0 0 0 0 0 0 0 0 0 
0 0 0 0 0 0 0 0 0 0 0 0 0 0 0 0 0 0 0 0 0 2.52342 0 0 0 0 0 0 0 0 0 0 0 0 0 5.26541 0 4.73504 0 0 0 0 0 0 0 0 0 0 0 
0 0 0 0 0 0 0 0 0 0 0 0 0 0 0 0 0 0 0 0 0 0 0 0 0 0 0 0 0 0 0 0 0 0 0 0 4.73504 0 4.23105 0 0 0 0 0 0 0 0 0 0 
0 0 0 0 0 0 0 0 0 0 0 0 0 0 0 0 0 0 0 0 0 0 0 0 0 0 0 0 0 0 0 0 0 0 0 5.66925 0 4.23105 0 2.53632 0 0 0 0 0 0 0 0 0 
0 0 0 0 0 0 0 0 0 0 0 0 0 0 0 0 0 0 0 0 0 0 0 0 0 0 0 0 0 0 0 0 0 2.5161 0 0 0 0 2.53632 0 2.51065 0 0 0 0 0 0 0 0 
0 0 0 0 0 0 0 0 0 0 0 0 0 0 0 0 0 0 0 0 0 0 0 0 0 0 0 0 0 0 0 0 5.87261 0 0 0 0 0 0 2.51065 0 2.55705 0 0 0 0 0 0 0 
0 0 0 0 0 0 0 0 0 0 0 0 0 0 0 0 0 0 0 0 0 0 0 0 0 0 0 0 0 0 0 4.67719 0 0 0 0 0 0 0 0 2.55705 0 2.50359 0 0 0 0 0 0 
0 0 0 0 0 0 0 0 0 0 0 0 0 0 0 0 0 0 0 0 0 0 0 0 0 0 0 0 0 0 3.25145 0 0 0 0 0 0 0 0 0 0 2.50359 0 5.59063 0 0 0 0 0 
0 0 0 0 0 0 0 0 0 0 0 0 0 0 0 0 0 0 0 0 0 0 0 0 0 0 0 0 0 2.51446 0 0 0 0 0 0 0 0 0 0 0 0 5.59063 0 0 0 0 0 0 
0 0 0 0 0 0 0 0 0 0 0 0 0 0 0 0 0 0 0 0 0 0 0 0 0 0 0 0 0 0 0 0 0 0 2.51065 0 0 0 0 0 0 0 0 0 0 2.57774 0 4.92359 0 
0 0 0 0 0 0 0 0 0 0 0 0 0 0 0 0 0 0 0 0 0 0 0 0 0 0 0 0 0 0 0 0 0 0 0 0 0 0 0 0 0 0 0 0 2.57774 0 4.1332 0 0 
0 0 0 0 0 0 0 0 0 0 0 0 0 2.53465 0 0 0 0 0 0 0 0 0 0 0 0 0 0 0 0 0 0 0 0 0 0 0 0 0 0 0 0 0 0 0 4.1332 0 4.89456 0 
0 0 0 0 0 0 0 0 0 0 0 5.73355 0 0 0 0 0 0 0 0 0 0 0 0 0 0 0 0 0 0 0 0 0 0 0 0 0 0 0 0 0 0 0 0 4.92359 0 4.89456 0 2.50702 
0 0 2.5914 0 0 0 0 0 0 0 6.05607 0 0 0 0 0 0 0 0 0 0 0 0 0 0 0 0 0 0 0 0 0 0 0 5.55137 0 0 0 0 0 0 0 0 0 0 0 0 2.50702 0 
0 2.68146 0 0 0 -3.11595 0 0 0 0 0 0 0 0 0 0 0 0 0 0 0 0 0 0 0 0 0 0 0 0 0 0 0 0 0 0 0 0 0 0 0 0 0 0 0 0 0 0 0 
2.68146 0 0 0 5.62353 0 0 0 0 0 0 0 2.65887 0 0 0 0 0 0 0 0 0 0 0 0 0 0 0 0 0 0 0 0 0 0 0 0 0 0 0 0 0 0 0 0 0 0 0 0 
0 0 0 2.52544 0 0 0 0 0 4.16311 0 0 0 0 0 0 0 0 0 0 0 0 0 6.10616 0 0 0 0 0 0 0 0 0 0 0 0 0 0 0 0 0 0 0 0 0 0 0 0 2.5914 
0 0 2.52544 0 2.52727 0 0 0 5.4922 0 0 0 5.93002 0 0 0 0 0 0 0 0 0 0 0 0 0 0 0 0 0 0 0 0 0 0 0 0 0 0 0 0 0 0 0 0 0 0 0 0 
0 5.62353 0 2.52727 0 2.51083 0 5.57432 0 0 0 0 0 0 0 0 0 0 0 0 0 0 0 0 0 0 0 0 0 0 0 0 0 0 0 0 0 0 0 0 0 0 0 0 0 0 0 0 0 
-3.11595 0 0 0 2.51083 0 2.51975 0 0 0 0 0 0 0 0 0 0 0 0 0 0 0 0 0 0 0 0 0 0 0 0 0 0 0 0 0 0 0 0 0 0 0 0 0 0 0 0 0 0 
0 0 0 0 0 2.51975 0 5.45762 0 0 0 0 0 0 0 0 0 0 0 0 2.57011 0 0 0 0 0 0 0 0 0 0 0 0 0 0 0 0 0 0 0 0 0 0 0 0 0 0 0 0 
0 0 0 0 5.57432 0 5.45762 0 2.50359 0 0 0 0 0 0 0 0 0 0 4.63269 0 0 0 0 0 0 0 0 0 0 0 0 0 0 0 0 0 0 0 0 0 0 0 0 0 0 0 0 0 
0 0 0 5.4922 0 0 0 2.50359 0 5.86028 0 0 0 0 0 0 0 0 2.665 0 0 0 0 0 0 0 0 0 0 0 0 0 0 0 0 0 0 0 0 0 0 0 0 0 0 0 0 0 0 
0 0 4.16311 0 0 0 0 0 5.86028 0 5.51498 0 0 0 0 0 0 4.95195 0 0 0 0 0 0 0 0 0 0 0 0 0 0 0 0 0 0 0 0 0 0 0 0 0 0 0 0 0 0 0 
0 0 0 0 0 0 0 0 0 5.51498 0 2.50702 0 0 0 0 4.75474 0 0 0 0 0 0 0 0 0 0 0 0 0 0 0 0 0 0 0 0 0 0 0 0 0 0 0 0 0 0 0 6.24373 
0 0 0 0 0 0 0 0 0 0 2.50702 0 0 2.51975 0 5.75754 0 0 0 0 0 0 0 0 0 0 0 0 0 0 0 0 0 0 0 0 0 0 0 0 0 0 0 0 0 0 0 5.73355 0 
0 2.65887 0 5.93002 0 0 0 0 0 0 0 0 0 0 0 0 0 0 0 0 0 0 0 2.5684 0 0 0 0 0 0 0 0 0 0 0 0 0 0 0 0 0 0 0 0 0 0 0 0 0 
0 0 0 0 0 0 0 0 0 0 0 2.51975 0 0 2.53262 0 0 0 0 0 0 0 0 0 0 0 0 0 0 0 0 0 0 0 0 0 0 0 0 0 0 0 0 0 0 0 2.53465 0 0 
0 0 0 0 0 0 0 0 0 0 0 0 0 2.53262 0 2.60111 0 0 0 0 0 0 0 0 0 0 0 0 2.51428 0 0 0 0 0 0 0 0 0 0 0 0 0 0 0 0 0 0 0 0 
0 0 0 0 0 0 0 0 0 0 0 5.75754 0 0 2.60111 0 2.5531 0 0 0 0 0 0 0 0 0 0 4.39268 0 0 0 0 0 0 0 0 0 0 0 0 0 0 0 0 0 0 0 0 0 
0 0 0 0 0 0 0 0 0 0 4.75474 0 0 0 0 2.5531 0 4.19163 0 0 0 0 0 0 0 0 2.89554 0 0 0 0 0 0 0 0 0 0 0 0 0 0 0 0 0 0 0 0 0 0 
0 0 0 0 0 0 0 0 0 4.95195 0 0 0 0 0 0 4.19163 0 2.4998 0 0 0 0 0 0 5.64906 0 0 0 0 0 0 0 0 0 0 0 0 0 0 0 0 0 0 0 0 0 0 0 
0 0 0 0 0 0 0 0 2.665 0 0 0 0 0 0 0 0 2.4998 0 2.51446 0 0 0 0 2.58561 0 0 0 0 0 0 0 0 0 0 0 0 0 0 0 0 0 0 0 0 0 0 0 0 
0 0 0 0 0 0 0 4.63269 0 0 0 0 0 0 0 0 0 0 2.51446 0 2.95861 0 5.38926 0 0 0 0 0 0 0 0 0 0 0 0 0 0 0 0 0 0 0 0 0 0 0 0 0 0 
0 0 0 0 0 0 2.57011 0 0 0 0 0 0 0 0 0 0 0 0 2.95861 0 5.21433 0 0 0 0 0 0 0 0 0 0 0 0 0 0 0 0 0 0 0 0 0 0 0 0 0 0 0 
0 0 0 0 0 0 0 0 0 0 0 0 0 0 0 0 0 0 0 0 5.21433 0 2.59528 0 0 0 0 0 0 0 0 0 0 0 0 0 2.50359 0 0 0 0 0 0 0 0 0 0 0 0 
0 0 0 0 0 0 0 0 0 0 0 0 0 0 0 0 0 0 0 5.38926 0 2.59528 0 0 2.57794 0 0 0 0 0 0 0 0 0 0 5.38406 0 0 0 0 0 0 0 0 0 0 0 0 0 
0 0 6.10616 0 0 0 0 0 0 0 0 0 2.5684 0 0 0 0 0 0 0 0 0 0 0 0 0 0 0 0 0 0 0 0 0 2.61482 0 0 0 0 0 0 0 0 0 0 0 0 0 0 
0 0 0 0 0 0 0 0 0 0 0 0 0 0 0 0 0 0 2.58561 0 0 0 2.57794 0 0 2.50702 0 0 0 0 0 0 0 2.71267 0 0 0 0 0 0 0 0 0 0 0 0 0 0 0 
0 0 0 0 0 0 0 0 0 0 0 0 0 0 0 0 0 5.64906 0 0 0 0 0 0 2.50702 0 2.54562 0 0 0 0 0 2.54003 0 0 0 0 0 0 0 0 0 0 0 0 0 0 0 0 
0 0 0 0 0 0 0 0 0 0 0 0 0 0 0 0 2.89554 0 0 0 0 0 0 0 0 2.54562 0 2.56082 0 0 0 2.61198 0 0 0 0 0 0 0 0 0 0 0 0 0 0 0 0 0 
0 0 0 0 0 0 0 0 0 0 0 0 0 0 0 4.39268 0 0 0 0 0 0 0 0 0 0 2.56082 0 2.51446 0 5.72135 0 0 0 0 0 0 0 0 0 0 0 0 0 0 0 0 0 0 
0 0 0 0 0 0 0 0 0 0 0 0 0 0 2.51428 0 0 0 0 0 0 0 0 0 0 0 0 2.51446 0 2.52177 0 0 0 0 0 0 0 0 0 0 0 0 0 0 0 0 0 0 0 
0 0 0 0 0 0 0 0 0 0 0 0 0 0 0 0 0 0 0 0 0 0 0 0 0 0 0 0 2.52177 0 2.5072 0 0 0 0 0 0 0 0 0 0 0 0 2.51428 0 0 0 0 0 
0 0 0 0 0 0 0 0 0 0 0 0 0 0 0 0 0 0 0 0 0 0 0 0 0 0 0 5.72135 0 2.5072 0 4.8739 0 0 0 0 0 0 0 0 0 0 3.25145 0 0 0 0 0 0 
0 0 0 0 0 0 0 0 0 0 0 0 0 0 0 0 0 0 0 0 0 0 0 0 0 0 2.61198 0 0 0 4.8739 0 2.5016 0 0 0 0 0 0 0 0 4.67719 0 0 0 0 0 0 0 
0 0 0 0 0 0 0 0 0 0 0 0 0 0 0 0 0 0 0 0 0 0 0 0 0 2.54003 0 0 0 0 0 2.5016 0 2.50359 0 0 0 0 0 0 5.87296 0 0 0 0 0 0 0 0 
0 0 0 0 0 0 0 0 0 0 0 0 0 0 0 0 0 0 0 0 0 0 0 0 2.71267 0 0 0 0 0 0 0 2.50359 0 0 4.80447 0 0 0 2.5161 0 0 0 0 0 0 0 0 0 
0 0 0 0 0 0 0 0 0 0 0 0 0 0 0 0 0 0 0 0 0 0 0 2.61482 0 0 0 0 0 0 0 0 0 0 0 0 0 0 0 0 0 0 0 0 2.51065 0 0 0 5.55137 
0 0 0 0 0 0 0 0 0 0 0 0 0 0 0 0 0 0 0 0 0 0 5.38406 0 0 0 0 0 0 0 0 0 0 4.80447 0 0 5.26541 0 5.66891 0 0 0 0 0 0 0 0 0 0 
0 0 0 0 0 0 0 0 0 0 0 0 0 0 0 0 0 0 0 0 0 2.50359 0 0 0 0 0 0 0 0 0 0 0 0 0 5.26541 0 4.73504 0 0 0 0 0 0 0 0 0 0 0 
0 0 0 0 0 0 0 0 0 0 0 0 0 0 0 0 0 0 0 0 0 0 0 0 0 0 0 0 0 0 0 0 0 0 0 0 4.73504 0 4.23105 0 0 0 0 0 0 0 0 0 0 
0 0 0 0 0 0 0 0 0 0 0 0 0 0 0 0 0 0 0 0 0 0 0 0 0 0 0 0 0 0 0 0 0 0 0 5.66891 0 4.23105 0 2.53651 0 0 0 0 0 0 0 0 0 
0 0 0 0 0 0 0 0 0 0 0 0 0 0 0 0 0 0 0 0 0 0 0 0 0 0 0 0 0 0 0 0 0 2.5161 0 0 0 0 2.53651 0 2.51065 0 0 0 0 0 0 0 0 
0 0 0 0 0 0 0 0 0 0 0 0 0 0 0 0 0 0 0 0 0 0 0 0 0 0 0 0 0 0 0 0 5.87296 0 0 0 0 0 0 2.51065 0 2.55705 0 0 0 0 0 0 0 
